*  2016  8 16 10 45  0.00000000                                                 
G14 16687643.420000 -12247092.346000 -16288201.036000
G13 -12561283.367000 23101321.035000 3911534.189000
G20 10338961.864000 21139725.738000 12133247.989000
G18 21007170.877000 15675091.235000 -4476512.641000
G16 6933133.437000 -13701337.077000 21503345.495000
G19 -17088442.852000 11809144.816000 -17001339.524000
G23 -3377338.525000 -22724739.652000 13141081.704000
G02 -18383610.611000 14680426.996000 12394098.497000
G31 25195487.680000 -8129339.045000 3997097.678000
G17 -15782729.496000 2755591.434000 -20814867.229000
G12 8491713.833000 22163116.280000 -12270247.613000
G15 -2345722.271000 25900669.659000 -4488676.834000
G29 6531330.980000 18284508.023000 18136885.658000
G07 -19196554.339000 -7791872.521000 17006522.785000
G05 -6611184.967000 14785296.123000 20947788.805000
G25 17807899.145000 19815160.347000 -1248993.958000
G01 -2696091.365000 -14931524.996000 -21886735.365000
G24 -1016081.120000 16027617.650000 -21185906.958000
G27 12173180.052000 -21964236.314000 8337426.915000
G06 -25784599.682000 6381483.423000 -41098.247000
R14 -22761058.543000 -7526230.936000 8818908.929000
R15 -24782951.222000 -1172230.973000 -5710214.833000
R19 -15892547.289000 19931130.316000 878509.283000
R20 -4649196.534000 18132341.807000 17353222.575000
R01 3856545.043000 -15688802.504000 -19737260.289000
R06 7990959.820000 23957551.655000 3697034.822000
R05 -3273401.329000 16429703.626000 19231464.236000
R04 -11751933.328000 -235203.460000 22656862.089000
R21 8863780.534000 6117491.950000 23116855.925000
