----------------------------对流层改正计算报告----------------------------

ID        E         ZHD       M_D       ZWD       M_W       TroDelay  
P01       20.00     2.287     2.897     0.100     2.913     6.918     
P02       30.00     2.272     1.993     0.100     1.997     4.728     
P03       40.00     2.233     1.553     0.100     1.555     3.624     
P04       45.00     2.290     1.412     0.100     1.414     3.376     
P05       50.00     2.293     1.305     0.100     1.305     3.124     
P06       55.00     2.253     1.220     0.100     1.220     2.871     
P07       60.00     2.186     1.155     0.100     1.155     2.640     

